$ 1 0.000005 10.20027730826997 50 5 43 5e-11
151 208 48 368 48 0 3 5 5
151 208 144 368 144 0 3 5 5
151 208 240 368 240 0 3 5 5
151 208 336 368 336 0 3 5 5
151 208 432 368 432 0 3 5 5
151 208 528 368 528 0 3 5 5
151 208 -48 368 -48 0 3 0 5
v 240 -176 112 -176 0 0 40 5 0 0 0.5
162 464 48 608 48 2 default-led 1 0 0 0.01
162 464 144 608 144 2 default-led 1 0 0 0.01
162 464 240 608 240 2 default-led 1 0 0 0.01
162 464 336 608 336 2 default-led 1 0 0 0.01
162 464 432 608 432 2 default-led 1 0 0 0.01
162 464 528 608 528 2 default-led 1 0 0 0.01
162 464 624 608 624 2 default-led 1 0 0 0.01
w 240 -176 608 -176 0
w 608 48 608 144 0
w 608 144 608 240 0
w 608 240 608 336 0
w 608 336 608 432 0
w 608 432 608 528 0
w 608 528 608 624 0
w 32 224 208 224 0
w 208 128 32 128 0
w 208 32 32 32 0
w 32 32 32 128 0
w 32 128 32 224 0
w 32 32 32 -32 0
151 208 624 368 624 0 3 5 5
162 464 -48 608 -48 2 default-led 1 0 0 0.01
w 208 608 -64 608 0
w -64 -32 -64 320 0
w -64 320 -64 416 0
w -64 416 -64 512 0
w -64 512 -64 608 0
w 208 48 -160 48 0
w 208 320 -64 320 0
w 208 416 -64 416 0
w 208 512 -64 512 0
w 208 336 -160 336 0
w 208 432 -160 432 0
w -160 48 -160 336 0
w -160 336 -160 432 0
w 208 144 -240 144 0
w 208 240 -240 240 0
w 208 528 -240 528 0
w 208 624 -240 624 0
w -240 144 -240 240 0
w -240 240 -240 528 0
w -240 528 -240 624 0
w -240 144 -240 -32 0
w 208 160 -320 160 0
w 208 352 -320 352 0
w 208 544 -320 544 0
w -320 160 -320 352 0
w -320 352 -320 544 0
w 208 640 -400 640 0
w 208 448 -400 448 0
w 208 256 -400 256 0
w 208 64 -400 64 0
w -400 640 -400 448 0
w -400 448 -400 256 0
w -400 256 -400 64 0
w -400 64 -400 -32 0
w -400 -32 -400 -96 0
w -240 -32 -240 -96 0
w -64 -32 -64 -96 0
I -400 -32 -320 -32 0 0.5 5
I -240 -32 -160 -32 0 0.5 5
I -64 -32 32 -32 0 0.5 5
w -64 -176 112 -176 0
s -400 -96 -400 -176 0 1 false
s -240 -96 -240 -176 0 1 false
s -64 -96 -64 -176 0 1 false
w -64 -176 -240 -176 0
w -240 -176 -400 -176 0
w 608 -176 608 -48 0
w 608 -48 608 48 0
w 32 -32 32 -64 0
w 32 -64 208 -64 0
w -160 -32 -160 0 0
w -160 48 -160 0 0
w -160 0 80 0 0
w 80 0 80 -48 0
w 80 -48 208 -48 0
w -320 -32 -320 16 0
w -320 16 -320 160 0
w -320 16 96 16 0
w 96 16 96 -32 0
w 96 -32 208 -32 0
x 497 -72 522 -69 4 20 D0
x 495 32 520 35 4 20 D1
x 494 127 519 130 4 20 D2
x 490 215 515 218 4 20 D3
x 490 320 515 323 4 20 D4
x 487 413 512 416 4 20 D5
x 487 510 512 513 4 20 D6
x 485 606 510 609 4 20 D7
x -380 -129 -356 -126 4 20 A0
x -226 -128 -202 -125 4 20 A1
x -40 -129 -16 -126 4 20 A1
I 368 -48 464 -48 0 0.5 5
I 368 48 464 48 0 0.5 5
I 368 144 464 144 0 0.5 5
I 368 240 464 240 0 0.5 5
I 368 336 464 336 0 0.5 5
I 368 432 464 432 0 0.5 5
I 368 528 464 528 0 0.5 5
I 368 624 464 624 0 0.5 5
